
                        Accuracy: 0.7797619047619048 

                        Precision: 0.8670733478576615 

                        Recall: 0.715 

                        F1: 0.752462767105547 

                        