
                        Accuracy: 0.911660777385159 

                        Precision: 0.6491228070175439 

                        Recall: 0.8809523809523809 

                        F1: 0.7474747474747475 

                        