
                        Accuracy: 0.7805001008267796 

                        Precision: 0.8753450874020494 

                        Recall: 0.845 

                        F1: 0.8561278308146753 

                        