
                        Accuracy: 0.6385542168674698 

                        Precision: 0.7868746829020802 

                        Recall: 0.73 

                        F1: 0.752027972027972 

                        