
                        Accuracy: 0.8972148541114058 

                        Precision: 0.9416663485397976 

                        Recall: 0.935 

                        F1: 0.9373771162600378 

                        