
                        Accuracy: 0.8123613631780601 

                        Precision: 0.8929093567251463 

                        Recall: 0.875 

                        F1: 0.8817063331988705 

                        