
                        Accuracy: 0.8497023809523809 

                        Precision: 0.8956483516483518 

                        Recall: 0.79 

                        F1: 0.8157283853138569 

                        