
                        Accuracy: 0.6911631282888768 

                        Precision: 0.8563687150837989 

                        Recall: 0.87 

                        F1: 0.8578098908156712 

                        