
                        Accuracy: 0.9188988095238095 

                        Precision: 0.9278706199460917 

                        Recall: 0.885 

                        F1: 0.8953725490196079 

                        