
                        Accuracy: 0.8428571428571429 

                        Precision: 0.91796875 

                        Recall: 0.905 

                        F1: 0.9098639455782314 

                        