
                        Accuracy: 0.8513377926421405 

                        Precision: 0.8891442409864828 

                        Recall: 0.8546099290780141 

                        F1: 0.8645202386436668 

                        