
                        Accuracy: 0.8162202380952381 

                        Precision: 0.8808 

                        Recall: 0.84 

                        F1: 0.8530326737229637 

                        