
                        Accuracy: 0.8702574525745257 

                        Precision: 0.8998446769496279 

                        Recall: 0.805 

                        F1: 0.8256994230587346 

                        