
                        Accuracy: 0.8093812375249501 

                        Precision: 0.9019705882352941 

                        Recall: 0.905 

                        F1: 0.9031609439027837 

                        