
                        Accuracy: 0.8546099290780141 

                        Precision: 0.5714285714285714 

                        Recall: 0.8461538461538461 

                        F1: 0.6821705426356589 

                        