
                        Accuracy: 0.8187455705173636 

                        Precision: 0.877079964061096 

                        Recall: 0.835 

                        F1: 0.848009254158863 

                        