
                        Accuracy: 0.9472361809045227 

                        Precision: 0.9952272727272726 

                        Recall: 0.895 

                        F1: 0.9400103794256718 

                        