
                        Accuracy: 0.7346239161121193 

                        Precision: 0.8586768363455479 

                        Recall: 0.84 

                        F1: 0.847780802032299 

                        