
                        Accuracy: 0.8608590441621294 

                        Precision: 0.906330585214218 

                        Recall: 0.86 

                        F1: 0.8736008918617614 

                        