
                        Accuracy: 0.8245327526764652 

                        Precision: 0.9080110708150412 

                        Recall: 0.91 

                        F1: 0.9088616071428571 

                        