
                        Accuracy: 0.598709417221214 

                        Precision: 0.7942519259359373 

                        Recall: 0.73 

                        F1: 0.7562302914476828 

                        