
                        Accuracy: 0.8114964675658317 

                        Precision: 0.8913241758241759 

                        Recall: 0.755 

                        F1: 0.7919196352624954 

                        