
                        Accuracy: 0.8205980066445182 

                        Precision: 0.8901775748351091 

                        Recall: 0.82 

                        F1: 0.841178094799816 

                        