
                        Accuracy: 0.6565839887074006 

                        Precision: 0.8205214042364095 

                        Recall: 0.78 

                        F1: 0.7966937669376694 

                        