
                        Accuracy: 0.8342857142857143 

                        Precision: 0.9029931482149296 

                        Recall: 0.8 

                        F1: 0.8297166968053044 

                        