
                        Accuracy: 0.8288690476190477 

                        Precision: 0.9218154570755728 

                        Recall: 0.925 

                        F1: 0.9223718872707392 

                        