
                        Accuracy: 0.8143687707641196 

                        Precision: 0.8886849574266793 

                        Recall: 0.835 

                        F1: 0.8521362229102167 

                        