
                        Accuracy: 0.891260162601626 

                        Precision: 0.9110344827586206 

                        Recall: 0.875 

                        F1: 0.8842064084782532 

                        