
                        Accuracy: 0.7914285714285714 

                        Precision: 0.9066644562334217 

                        Recall: 0.905 

                        F1: 0.9057952693971572 

                        