
                        Accuracy: 0.7974051896207585 

                        Precision: 0.8864333805811481 

                        Recall: 0.885 

                        F1: 0.8856855362825512 

                        