
                        Accuracy: 0.8787202380952381 

                        Precision: 0.9086656519533233 

                        Recall: 0.86 

                        F1: 0.87300251814546 

                        