
                        Accuracy: 0.7860201241704132 

                        Precision: 0.8796047794117647 

                        Recall: 0.765 

                        F1: 0.7987051459866994 

                        