
                        Accuracy: 0.6735294117647059 

                        Precision: 0.8208810001179384 

                        Recall: 0.725 

                        F1: 0.7580461609587823 

                        