
                        Accuracy: 0.8390921409214092 

                        Precision: 0.8819790069583678 

                        Recall: 0.825 

                        F1: 0.8403320744445579 

                        