
                        Accuracy: 0.5352941176470588 

                        Precision: 0.7606907894736841 

                        Recall: 0.7 

                        F1: 0.7262302914476828 

                        