
                        Accuracy: 0.8963443963443963 

                        Precision: 0.9565625 

                        Recall: 0.885 

                        F1: 0.9096990424076608 

                        