
                        Accuracy: 0.7879163713678242 

                        Precision: 0.8625333333333333 

                        Recall: 0.745 

                        F1: 0.774994798070557 

                        