
                        Accuracy: 0.9471726190476191 

                        Precision: 0.9747661767512885 

                        Recall: 0.975 

                        F1: 0.9748386792897179 

                        