
                        Accuracy: 0.8307022318998367 

                        Precision: 0.9025974025974025 

                        Recall: 0.9 

                        F1: 0.9011693834160169 

                        