
                        Accuracy: 0.8581560283687943 

                        Precision: 0.5789473684210527 

                        Recall: 0.8461538461538461 

                        F1: 0.6875 

                        