
                        Accuracy: 0.705989110707804 

                        Precision: 0.8492324442025041 

                        Recall: 0.84 

                        F1: 0.8442145447604504 

                        