
                        Accuracy: 0.7720099667774087 

                        Precision: 0.8787416879795397 

                        Recall: 0.685 

                        F1: 0.7331664148499892 

                        