
                        Accuracy: 0.8514285714285714 

                        Precision: 0.926194797338173 

                        Recall: 0.92 

                        F1: 0.9225005352172982 

                        