
                        Accuracy: 0.8374009847998287 

                        Precision: 0.9325568181818182 

                        Recall: 0.935 

                        F1: 0.9333676049216248 

                        