
                        Accuracy: 0.5680368532955351 

                        Precision: 0.7523684210526315 

                        Recall: 0.71 

                        F1: 0.7283724497622335 

                        