
                        Accuracy: 0.9159891598915989 

                        Precision: 0.9228460417678483 

                        Recall: 0.88 

                        F1: 0.8897288277012931 

                        