
                        Accuracy: 0.5666666666666667 

                        Precision: 0.7751165501165501 

                        Recall: 0.73 

                        F1: 0.7497429945282705 

                        