
                        Accuracy: 0.8499322493224932 

                        Precision: 0.8874869655891554 

                        Recall: 0.825 

                        F1: 0.8410147991543342 

                        