
                        Accuracy: 0.8573848238482384 

                        Precision: 0.8931786833855798 

                        Recall: 0.855 

                        F1: 0.8656794338347737 

                        