
                        Accuracy: 0.7823529411764706 

                        Precision: 0.8932692307692308 

                        Recall: 0.63 

                        F1: 0.6806980136909437 

                        