
                        Accuracy: 0.940379403794038 

                        Precision: 0.9405333333333332 

                        Recall: 0.92 

                        F1: 0.9247281884165308 

                        