
                        Accuracy: 0.8085714285714286 

                        Precision: 0.9101951827242525 

                        Recall: 0.905 

                        F1: 0.9072780164210755 

                        