
                        Accuracy: 0.7819940476190477 

                        Precision: 0.9046212121212122 

                        Recall: 0.91 

                        F1: 0.9046179401993356 

                        