
                        Accuracy: 0.6606786427145709 

                        Precision: 0.8763800904977376 

                        Recall: 0.88 

                        F1: 0.8573028739867355 

                        