
                        Accuracy: 0.9382440476190477 

                        Precision: 0.9612898653437278 

                        Recall: 0.96 

                        F1: 0.9604863001270187 

                        