
                        Accuracy: 0.5356130403968816 

                        Precision: 0.735974134334585 

                        Recall: 0.695 

                        F1: 0.7132605750996555 

                        