
                        Accuracy: 0.8367722918201916 

                        Precision: 0.909512987012987 

                        Recall: 0.845 

                        F1: 0.865448136958711 

                        