
                        Accuracy: 0.5857547838412474 

                        Precision: 0.7613706140350877 

                        Recall: 0.72 

                        F1: 0.7377389170118117 

                        