
                        Accuracy: 0.76 

                        Precision: 0.8770609318996416 

                        Recall: 0.82 

                        F1: 0.8402597402597403 

                        