
                        Accuracy: 0.6478120588828393 

                        Precision: 0.8158512140033879 

                        Recall: 0.765 

                        F1: 0.7854871794871795 

                        