
                        Accuracy: 0.6507360354910264 

                        Precision: 0.81736917562724 

                        Recall: 0.77 

                        F1: 0.7892206930857237 

                        