
                        Accuracy: 0.9069940476190477 

                        Precision: 0.9211434179855233 

                        Recall: 0.865 

                        F1: 0.8785346291412263 

                        