
                        Accuracy: 0.9281842818428184 

                        Precision: 0.9310502283105023 

                        Recall: 0.9 

                        F1: 0.9070967741935483 

                        