
                        Accuracy: 0.7584830339321358 

                        Precision: 0.8522013628146294 

                        Recall: 0.82 

                        F1: 0.8318125000000001 

                        