
                        Accuracy: 0.8342857142857143 

                        Precision: 0.9229287090558767 

                        Recall: 0.92 

                        F1: 0.9213085764809901 

                        