
                        Accuracy: 0.8943452380952381 

                        Precision: 0.9490196078431373 

                        Recall: 0.95 

                        F1: 0.9493414773811796 

                        