
                        Accuracy: 0.5917788802267895 

                        Precision: 0.7648616600790514 

                        Recall: 0.73 

                        F1: 0.7451875000000001 

                        