
                        Accuracy: 0.5569671304698528 

                        Precision: 0.7924144144144144 

                        Recall: 0.83 

                        F1: 0.8062972420837589 

                        