
                        Accuracy: 0.9129464285714286 

                        Precision: 0.9243887147335422 

                        Recall: 0.875 

                        F1: 0.8869303367485586 

                        