
                        Accuracy: 0.5156862745098039 

                        Precision: 0.7519736842105263 

                        Recall: 0.69 

                        F1: 0.7171046344959389 

                        