
                        Accuracy: 0.8457142857142856 

                        Precision: 0.92054781446841 

                        Recall: 0.91 

                        F1: 0.9140365448504985 

                        