
                        Accuracy: 0.8552166224580018 

                        Precision: 0.9086295553720959 

                        Recall: 0.805 

                        F1: 0.8333215820204913 

                        