
                        Accuracy: 0.7524950099800398 

                        Precision: 0.8482538180835248 

                        Recall: 0.81 

                        F1: 0.8237567111520172 

                        