
                        Accuracy: 0.6305811481218994 

                        Precision: 0.7879200509635292 

                        Recall: 0.775 

                        F1: 0.7809852959658162 

                        