
                        Accuracy: 0.7251859916530575 

                        Precision: 0.8362521174477696 

                        Recall: 0.805 

                        F1: 0.8170957056666271 

                        