
                        Accuracy: 0.7702776265650517 

                        Precision: 0.8671762560106119 

                        Recall: 0.86 

                        F1: 0.8631515151515152 

                        