
                        Accuracy: 0.6016333938294011 

                        Precision: 0.795625 

                        Recall: 0.735 

                        F1: 0.7599006875477464 

                        