
                        Accuracy: 0.8630952380952381 

                        Precision: 0.9016711590296496 

                        Recall: 0.855 

                        F1: 0.868078431372549 

                        