
                        Accuracy: 0.8191964285714286 

                        Precision: 0.9275 

                        Recall: 0.93 

                        F1: 0.9258139534883721 

                        