
                        Accuracy: 0.7554890219560878 

                        Precision: 0.8501973684210528 

                        Recall: 0.815 

                        F1: 0.8277800998490653 

                        