
                        Accuracy: 0.8743224932249323 

                        Precision: 0.9021065830721002 

                        Recall: 0.865 

                        F1: 0.8749429211565133 

                        