
                        Accuracy: 0.6576846307385229 

                        Precision: 0.8658794162826421 

                        Recall: 0.875 

                        F1: 0.853098065216081 

                        