
                        Accuracy: 0.8628571428571429 

                        Precision: 0.9245599709671566 

                        Recall: 0.91 

                        F1: 0.9151542649727767 

                        