
                        Accuracy: 0.8309390795424314 

                        Precision: 0.9171744791666667 

                        Recall: 0.735 

                        F1: 0.7856498896711149 

                        