
                        Accuracy: 0.8120588828392821 

                        Precision: 0.8872759856630824 

                        Recall: 0.85 

                        F1: 0.8625352346211242 

                        