
                        Accuracy: 0.5519607843137255 

                        Precision: 0.7680294634410054 

                        Recall: 0.705 

                        F1: 0.7317441539492882 

                        