
                        Accuracy: 0.6282516636418632 

                        Precision: 0.8132366071428572 

                        Recall: 0.805 

                        F1: 0.8089322501088061 

                        