
                        Accuracy: 0.8243512974051896 

                        Precision: 0.9277142857142857 

                        Recall: 0.93 

                        F1: 0.9259911272433959 

                        