
                        Accuracy: 0.8601190476190477 

                        Precision: 0.8999492643328258 

                        Recall: 0.85 

                        F1: 0.8639312694415642 

                        