
                        Accuracy: 0.7214741318214033 

                        Precision: 0.8294666666666667 

                        Recall: 0.79 

                        F1: 0.8046835443037975 

                        