
                        Accuracy: 0.6107843137254902 

                        Precision: 0.7941005541289364 

                        Recall: 0.735 

                        F1: 0.759024409479869 

                        