
                        Accuracy: 0.8989824145425804 

                        Precision: 0.9290858639139828 

                        Recall: 0.911660777385159 

                        F1: 0.9169344186028381 

                        