
                        Accuracy: 0.9226190476190477 

                        Precision: 0.955637815278534 

                        Recall: 0.955 

                        F1: 0.9552789896670493 

                        