
                        Accuracy: 0.8657142857142857 

                        Precision: 0.9270833333333333 

                        Recall: 0.915 

                        F1: 0.9193519513068386 

                        